74.43038
74.42975
74.42868
74.43014
74.42917
74.42706
74.42693
74.42557
74.42525
74.42441
74.42414
74.42292
74.42248
74.42153
74.42227
74.42111
74.42012
74.42020
74.41851
74.41879
74.41680
74.41735
74.41524
74.41648
74.41352
74.41481
74.41455
74.41267
74.41404
74.40992
74.40918
74.40908
74.40997
74.40750
74.40720
74.40614
74.40660
74.40556
74.40449
74.40428
74.40292
74.40387
74.40077
74.40268
74.40219
74.40072
74.40056
74.39804
74.39857
74.39704
74.39793
74.39641
74.39531
74.39674
74.39462
74.39506
74.39273
74.39326
74.39377
74.39097
74.39119
74.38943
74.38769
74.38859
74.38819
74.38617
74.38536
74.38503
74.38488
74.38449
74.38412
74.38253
74.38268
74.38078
74.38082
74.38009
74.37942
74.38001
74.37885
74.37694
74.37700
74.37644
74.37606
74.37299
74.37340
74.37395
74.37236
74.37288
74.37164
74.36873
74.37016
74.36875
74.36899
74.36688
74.36950
74.36588
74.36565
74.36493
74.36430
74.36265
74.36254
74.36210
74.36310
74.36115
74.36088
74.36010
74.35975
74.35825
74.35861
74.35755
74.35572
74.35479
74.35686
74.35233
74.35459
74.35233
74.35336
74.35119
74.35039
74.35056
74.34803
74.34811
74.34631
74.34588
74.34656
74.34548
74.34635
74.34443
74.34282
74.34380
74.34217
74.34261
74.34017
74.34088
74.33990
74.33995
74.33959
74.33801
74.33734
74.33514
74.33806
74.33692
74.33400
74.33475
74.33205
74.33363
74.33314
74.33081
74.33026
74.32875
74.32882
74.32879
74.32730
74.32703
74.32535
74.32537
74.32542
74.32424
74.32464
74.32320
74.32205
74.32076
74.32062
74.32031
74.31939
74.31948
74.31773
74.31617
74.31623
74.31522
74.31606
74.31587
74.31396
74.31246
74.31230
74.31259
74.31061
74.31121
74.30921
74.30896
74.30924
74.30745
74.30648
74.30519
74.30509
74.30352
74.30482
74.30263
74.30230
74.30040
74.30240
74.30050
74.30050
74.29909
74.29788
74.29765
74.29751
74.29762
74.29613
74.29437
74.29674
74.29358
74.29317
74.29168
74.29175
74.29077
74.29075
74.29143
74.28799
74.28964
74.28753
74.28823
74.28606
74.28572
74.28593
74.28363
74.28292
74.28215
74.28258
74.28184
74.28011
74.28043
74.28007
74.27844
74.27923
74.27814
74.27647
74.27555
74.27583
74.27507
74.27477
74.27375
74.27104
74.27153
74.27085
74.26999
74.27100
74.26937
74.26885
74.26725
74.26683
74.26736
74.26476
74.26593
74.26478
74.26471
74.26174
74.26279
74.26396
74.25976
74.26171
74.25878
74.25838
74.25856
74.25733
74.25710
74.25569
74.25525
74.25555
74.25435
74.25382
74.25265
74.25152
74.25079
74.25178
74.25094
74.25003
74.24964
74.24804
74.24870
74.24759
74.24342
74.24586
74.24388
74.24300
74.24406
74.24297
74.24308
74.24018
74.24089
74.23834
74.23993
74.23991
74.23759
74.23772
74.23569
74.23586
74.23467
74.23315
74.23384
74.23192
74.23205
74.23141
74.23085
74.23010
74.23036
74.22925
74.22713
74.22705
74.22651
74.22645
74.22443
74.22599
74.22234
74.22328
74.22210
74.22229
74.22072
74.22105
74.22167
74.21892
74.21901
74.21697
74.21852
74.21533
74.21819
74.21662
74.21427
74.21442
74.21139
74.21231
74.21129
74.21044
74.21042
74.20908
74.20820
74.20562
74.20783
74.20631
74.20615
74.20599
74.20447
74.20304
74.20387
74.20125
74.20212
74.20075
74.20108
74.19874
74.19882
74.19934
74.19746
74.19907
74.19644
74.19677
74.19688
74.19399
74.19473
74.19226
74.19094
74.19272
74.19151
74.19031
74.18925
74.18867
74.18712
74.18718
74.18701
74.18509
74.18587
74.18373
74.18028
74.18521
74.18233
74.18213
74.18095
74.18102
74.17953
74.17917
74.17853
74.17702
74.17755
74.17647
74.17516
74.17426
74.17407
74.17426
74.17323
74.17166
74.17076
74.17103
74.17109
74.16941
74.16893
74.16760
74.16667
74.16762
74.16692
74.16525
74.16436
74.16416
74.16351
74.16208
74.16225
74.16216
74.16037
74.15973
74.15944
74.16009
74.15651
74.15769
74.15600
74.15515
74.15706
74.15458
74.15340
74.15248
74.15202
74.15137
74.15128
74.15052
74.14810
74.15049
74.14790
74.14713
74.14750
74.14688
74.14620
74.14327
74.14323
74.14292
74.14069
74.14251
74.13974
74.14076
74.13917
74.13939
74.13848
74.13713
74.13993
74.13535
74.13579
74.13392
74.13356
74.13364
74.13257
74.13192
74.13045
74.13143
74.12986
74.12744
74.12973
74.12683
74.12717
74.12539
74.12577
74.12554
74.12325
74.12438
74.12263
74.12112
74.12187
74.12228
74.11963
74.11875
74.11945
74.11732
74.11707
74.11569
74.11502
74.11515
74.11389
74.11437
74.11358
74.11194
74.11247
74.11114
74.11153
74.10913
74.10973
74.10764
74.10862
74.10901
74.10773
74.10755
74.10725
74.10636
74.10562
74.10594
74.10439
74.10444
74.10205
74.10287
74.10206
74.10072
74.10046
74.10036
74.09688
74.09781
74.09597
74.09672
74.09502
74.09521
74.09386
74.09355
74.09113
74.09285
74.09089
74.08823
74.08817
74.08764
74.08702
74.08530
74.08562
74.08463
74.08389
74.08239
74.08068
74.08216
74.07948
74.07985
74.07812
74.07920
74.07649
74.07714
74.07527
74.07689
74.07433
74.07276
74.07185
74.07285
74.07003
74.06956
74.06870
74.06767
74.06743
74.06601
74.06646
74.06554
74.06426
74.06532
74.06307
74.06074
74.05830
74.06119
74.05831
74.05852
74.05653
74.05744
74.05541
74.05586
74.05302
74.05295
74.05185
74.05154
74.05031
74.04981
74.04912
74.04832
74.04630
74.04717
74.04568
74.04404
74.04465
74.04281
74.04169
74.04173
74.04091
74.03963
74.03826
74.03908
74.03673
74.03689
74.03488
74.03436
74.03406
74.03370
74.03176
74.03214
74.03164
74.02959
74.02915
74.02840
74.02814
74.02617
74.02299
74.02526
74.02382
74.02260
74.02098
74.02110
74.02045
74.01974
74.01844
74.01730
74.01598
74.01467
74.01488
74.01476
74.01370
74.01182
74.01278
74.01144
74.01074
74.00896
74.00786
74.00915
74.00462
74.00745
74.00503
74.00622
74.00223
74.00410
74.00202
74.00189
74.00014
74.00040
73.99859
73.99980
73.99720
73.99523
73.99379
73.99386
73.99241
73.99258
73.99129
73.99069
73.98802
73.98971
73.98780
73.98874
73.98682
73.98714
73.98507
73.98497
73.98301
73.98337
73.98162
73.97981
73.98089
73.97918
73.97905
73.97779
73.97705
73.97647
73.97611
73.97413
73.97205
73.97297
73.97165
73.97164
73.96945
73.97019
73.96900
73.96897
73.96691
73.96784
73.96531
73.96538
73.96322
73.96462
73.96094
73.96265
73.96013
73.95805
73.95752
73.95598
73.95649
73.95710
73.95578
73.95419
73.95383
73.95332
73.95299
73.95189
73.94860
73.94898
73.94599
73.94803
73.94611
73.94725
73.94507
73.94468
73.94214
73.94437
73.94189
73.94157
73.93899
73.94195
73.93923
73.93724
73.93677
73.93603
73.93497
73.93513
73.93419
73.93390
73.93021
73.93021
73.92805
73.93037
73.92773
73.92866
73.92626
73.92658
73.92403
73.92551
73.92418
73.92213
73.92144
73.92134
73.91946
73.92005
73.91912
73.91722
73.91559
73.91647
73.91462
73.91451
73.91359
73.91287
73.91195
73.91244
73.90995
73.91055
73.90794
73.90785
73.90671
73.90514
73.90435
73.90555
73.90368
73.90344
73.90186
73.90071
73.90068
73.89943
73.89701
73.89764
73.89650
73.89651
73.89552
73.89522
73.89414
73.89385
73.89131
73.89214
73.89020
73.88888
73.88864
73.88833
73.88685
73.88582
73.88486
73.88471
73.88305
73.88187
73.88332
73.88163
73.88175
73.87883
73.87774
73.87824
73.87620
73.87769
73.87473
73.87430
73.87349
73.87403
73.87152
73.87323
73.87014
73.86829
73.86836
73.86968
73.86745
73.86724
73.86565
73.86421
73.86360
73.86299
73.85982
73.86201
73.85876
73.85985
73.85818
73.85819
73.85589
73.85612
73.85517
73.85717
73.85321
73.85342
73.85019
73.85093
73.85128
73.84915
73.84896
73.84831
73.84734
73.84604
73.84477
73.84472
73.84275
73.84381
73.84193
73.84238
73.84058
73.84082
73.83801
73.83567
73.83664
73.83622
73.83618
73.83463
73.83331
73.83409
73.83257
73.83175
73.82999
73.83052
73.82897
73.82866
73.82705
73.82628
73.82528
73.82447
73.82311
73.82472
73.82153
73.82063
73.82036
73.82016
73.81874
73.81822
73.81671
73.81625
73.81404
73.81520
73.81159
73.81222
73.81101
73.81146
73.80902
73.81021
73.80845
73.80925
73.80692
73.80695
73.80508
73.80550
73.80574
73.80393
73.80371
73.80243
73.80084
73.80025
73.80016
73.79943
73.79832
73.79625
73.79694
73.79513
73.79496
73.79381
73.79372
73.79254
73.79310
73.79242
73.79081
73.79006
73.78832
73.78811
73.78712
73.78582
73.78603
73.78483
73.78198
73.78371
73.78054
73.78178
73.77951
73.77937
73.77855
73.77902
73.77716
73.77774
73.77538
73.77332
73.77315
73.77271
73.77212
73.77132
73.77002
73.76895
73.76826
73.76832
73.76513
73.76639
73.76434
73.76504
73.76191
73.76313
73.76087
73.76242
73.76007
73.76048
73.75895
73.75692
73.75602
73.75770
73.75625
73.75419
73.75361
73.75178
73.75173
73.75097
73.75010
73.74961
73.74793
73.74753
73.74661
73.74748
73.74535
73.74550
73.74348
73.74364
73.74249
73.74002
73.73994
73.73903
73.73793
73.73694
73.73628
73.73591
73.73739
73.73496
73.73072
73.73266
73.73079
73.73138
73.73088
73.73000
73.72761
73.72848
73.72613
73.72682
73.72530
73.72506
73.72331
73.72068
73.72203
73.72150
73.71940
73.71943
73.71754
73.71825
73.71742
73.71766
73.71674
73.71423
73.71354
73.71309
73.71132
73.71234
73.70936
73.70935
73.70861
73.70705
73.70666
73.70658
73.70575
73.70511
73.70244
73.70439
73.70201
73.70147
73.69940
73.69995
73.69862
73.69899
73.69679
73.69788
73.69574
73.69543
73.69416
73.69223
73.69193
73.69204
73.69067
73.68974
73.68865
73.68782
73.68715
73.68549
73.68360
73.68475
73.68324
73.68305
73.68237
73.68127
73.68027
73.67965
73.67811
73.67774
73.67628
73.67569
73.67578
73.67439
73.67445
73.67315
73.67103
73.67102
73.67096
73.66982
73.66663
73.66822
73.66654
73.66648
73.66529
73.66529
73.66334
73.66259
73.66113
73.66232
73.66057
73.65836
73.65842
73.65774
73.65785
73.65603
73.65657
73.65512
73.65180
73.65262
73.65197
73.65242
73.64904
73.64992
73.64864
73.64881
73.64627
73.64429
73.64497
73.64398
73.64343
73.64391
73.64156
73.64117
73.64125
73.63975
73.63768
73.63805
73.63668
73.63628
73.63371
73.63550
73.63324
73.63395
73.63123
73.63181
73.63075
73.62869
73.62844
73.62781
73.62645
73.62657
73.62621
73.62423
73.62418
73.62399
73.62020
73.62152
73.62125
73.61932
73.61839
73.61840
73.61629
73.61714
73.61373
73.61629
73.61295
73.61221
73.61200
73.61099
73.60953
73.60978
73.60786
73.60709
73.60621
73.60568
73.60745
73.60477
73.60276
73.60320
73.60155
73.60240
73.60033
73.59946
73.59842
73.59699
73.59684
73.59593
73.59563
73.59500
73.59314
73.59375
73.59136
73.59145
73.59150
73.58908
73.58905
73.58826
73.58663
73.58739
73.58633
73.58359
73.58358
73.58286
73.58106
73.58098
73.57987
73.57798
73.57778
73.57739
73.57682
73.57532
73.57460
73.57447
73.57273
73.57317
73.57049
73.57206
73.56941
73.57026
73.56835
73.56784
73.56572
73.56656
73.56491
73.56575
73.56258
73.56217
73.56155
73.56163
73.56036
73.55940
73.55946
73.55776
73.55399
73.55590
73.55497
73.55577
73.55321
73.55336
73.55175
73.55174
73.55046
73.54826
73.54844
73.54754
73.54748
73.54598
73.54540
73.54544
73.54470
73.54332
73.54377
73.54065
73.54009
73.54089
73.53857
73.53836
73.53877
73.53736
73.53630
73.53554
73.53561
73.53232
73.53194
73.53133
73.53137
73.53040
73.53032
73.52868
73.52825
73.52592
73.52612
73.52536
73.52598
73.52462
73.52380
73.52108
73.52324
73.51912
73.52064
73.51819
73.51667
73.51173
73.50758
73.49912
73.49309
73.49178
73.48348
73.47468
73.46507
73.46059
73.45937
73.45007
73.44391
73.43410
73.42693
73.42314
73.41597
73.40756
73.40121
73.39155
73.39031
73.38444
73.37548
73.36525
73.35825
73.35011
73.34495
73.34132
73.33249
73.32509
73.31717
73.30924
73.29983
73.29468
73.29047
73.28356
73.27418
73.26746
73.25800
73.25822
73.25155
73.24084
73.23485
73.22512
73.21615
73.21041
73.20902
73.20085
73.19232
73.18338
73.17514
73.16865
73.16699
73.15588
73.14944
73.14128
73.13384
73.12440
73.11819
73.11689
73.10853
73.09980
73.09173
73.08407
73.07463
73.06999
73.06618
73.05828
73.05031
73.04231
73.03399
73.02556
73.02139
73.01767
73.00797
73.00028
72.99053
72.98364
72.97393
72.96624
72.96673
72.95907
72.94929
72.94207
72.93501
72.92374
72.91629
72.91426
72.90802
72.90062
72.89291
72.88268
72.87544
72.86636
72.85990
72.85634
72.84968
72.83932
72.83321
72.82425
72.81736
72.80877
72.80582
72.80017
72.79132
72.78388
72.77520
72.76536
72.75765
72.74897
72.74571
72.74189
72.73201
72.72452
72.71698
72.70871
72.70006
72.68989
72.68301
72.68255
72.67448
72.66607
72.65653
72.65051
72.64030
72.63388
72.62442
72.62325
72.61747
72.60729
72.59876
72.59153
72.58391
72.57400
72.56656
72.56030
72.55706
72.55023
72.54028
72.53378
72.52369
72.51676
72.50790
72.50005
72.49164
72.49148
72.48449
72.47375
72.46710
72.45808
72.45095
72.44232
72.43348
72.42527
72.42392
72.41487
72.40817
72.39955
72.39149
72.38348
72.37378
72.36726
72.35972
72.35073
72.35047
72.34113
72.33331
72.32503
72.31696
72.30805
72.30303
72.29087
72.28367
72.27366
72.26628
72.26686
72.25848
72.25024
72.24110
72.23302
72.22602
72.21533
72.20828
72.20070
72.19011
72.18931
72.18354
72.17400
72.16752
72.15760
72.14859
72.14071
72.13416
72.12468
72.11454
72.10807
72.10043
72.09986
72.09196
72.08395
72.07428
72.06655
72.05956
72.04986
72.03995
72.03229
72.02427
72.01713
72.01400
72.00793
72.00030
71.99175
71.98292
71.97450
71.96593
71.95788
71.94880
71.94140
71.93214
71.92596
71.91962
71.91733
71.90937
71.89988
71.89090
71.88370
71.87294
71.86720
71.85807
71.85233
71.84055
71.83092
71.82519
71.81577
71.80894
71.80297
71.80063
71.79107
71.78304
71.77532
71.76766
71.75918
71.75034
71.74059
71.73289
71.72322
71.71732
71.70761
71.70098
71.69361
71.68998
71.68360
71.67463
71.66506
71.65825
71.65097
71.64165
71.63265
71.62505
71.61729
71.60784
71.59965
71.59059
71.58337
71.57414
71.56710
71.56549
71.55701
71.55138
71.54176
71.53247
71.52332
71.51734
71.50804
71.49923
71.49144
71.48334
71.47429
71.46655
71.45735
71.45100
71.44070
71.43274
71.42795
71.42590
71.41619
71.40640
71.39968
71.39061
71.38298
71.37388
71.36719
71.35799
71.35020
71.34046
71.33199
71.32455
71.31608
71.30771
71.29966
71.29147
71.28421
71.27922
71.27380
71.26660
71.25822
71.25082
71.24061
71.23485
71.22383
71.21551
71.20701
71.19941
71.19065
71.18251
71.17493
71.16613
71.15833
71.14970
71.14133
71.13368
71.12416
71.11544
71.10717
71.09932
71.09503
71.09147
71.08361
71.07431
71.06645
71.05727
71.04927
71.04122
71.03315
71.02466
71.01607
71.00837
71.00014
70.98976
70.98364
70.97350
70.96746
70.95776
70.95009
70.94021
70.93437
70.92450
70.91605
70.90827
70.89893
70.89118
70.89111
70.88361
70.87530
70.86618
70.85875
70.85011
70.84091
70.83341
70.82397
70.81661
70.80742
70.79979
70.79070
70.78374
70.77508
70.76547
70.75763
70.74907
70.74109
70.73280
70.72518
70.71684
70.70686
70.69956
70.69092
70.68359
70.67403
70.66658
70.65824
70.65612
70.65044
70.64207
70.63429
70.62364
70.61634
70.60919
70.60101
70.59165
70.58292
70.57616
70.56579
70.55665
70.54981
70.54145
70.53384
70.52456
70.51635
70.50791
70.50112
70.49136
70.48450
70.47500
70.46626
70.45744
70.44958
70.44198
70.43336
70.42338
70.41667
70.40717
70.40019
70.39087
70.38282
70.37438
70.36724
70.35968
70.35762
70.34734
70.34009
70.33277
70.32445
70.31655
70.30804
70.29958
70.29111
70.28306
70.27369
70.26717
70.25702
70.24993
70.24042
70.23342
70.22411
70.21695
70.20723
70.19920
70.19123
70.18281
70.17377
70.16658
70.15725
70.15001
70.14155
70.13283
70.12385
70.11721
70.10656
70.09990
70.09048
70.08335
70.07479
70.06704
70.05824
70.04859
70.04047
70.03221
70.02379
70.01534
70.00746
69.99895
69.99096
69.98242
69.97181
69.96652
69.95798
69.95074
69.94772
69.94072
69.93438
69.92347
69.91676
69.90727
69.89853
69.89033
69.88252
69.87408
69.86593
69.85841
69.84915
69.84053
69.83257
69.82397
69.81669
69.80838
69.80000
69.79013
69.78295
69.77404
69.76687
69.75709
69.74779
69.74064
69.73248
69.72480
69.71728
69.70776
69.69937
69.69152
69.68227
69.67575
69.66639
69.65701
69.64997
69.63985
69.63409
69.62391
69.61764
69.60690
69.60092
69.58995
69.58178
69.57426
69.56486
69.55751
69.54861
69.54138
69.53383
69.52404
69.51566
69.50723
69.49889
69.49002
69.48333
69.47385
69.46711
69.45747
69.44887
69.44012
69.43271
69.42461
69.41627
69.40743
69.39921
69.39046
69.38315
69.37266
69.36622
69.35753
69.34941
69.34127
69.33166
69.32452
69.31597
69.30820
69.30562
69.29987
69.29115
69.28245
69.27559
69.26665
69.25660
69.24979
69.24028
69.23326
69.22419
69.21681
69.20785
69.19850
69.19012
69.18323
69.17371
69.16567
69.15858
69.14931
69.14106
69.13299
69.12419
69.11684
69.10828
69.09858
69.09127
69.08337
69.07390
69.06648
69.05844
69.04804
69.04012
69.03242
69.02348
69.01668
69.00832
68.99992
68.99211
68.98315
68.97232
68.96641
68.95670
68.94992
68.94034
68.93323
68.92356
68.91659
68.90801
68.89813
68.89165
68.88216
68.87468
68.86578
68.85884
68.84902
68.84133
68.83329
68.82364
68.81642
68.80655
68.79856
68.79083
68.78326
68.77377
68.76635
68.75763
68.75067
68.74020
68.73236
68.72407
68.71584
68.70720
68.69877
68.69011
68.68310
68.67302
68.66670
68.65705
68.64928
68.64022
68.63341
68.62394
68.61379
68.60741
68.59908
68.59146
68.58286
68.57401
68.56654
68.55710
68.54935
68.53888
68.53149
68.52374
68.51605
68.50648
68.50024
68.49064
68.48252
68.47313
68.46608
68.45775
68.45013
68.44010
68.43318
68.42551
68.41662
68.40698
68.39993
68.39109
68.38338
68.37282
68.36741
68.35815
68.34798
68.34128
68.33454
68.32479
68.31581
68.30770
68.29922
68.29047
68.28286
68.27295
68.26637
68.25689
68.24928
68.24045
68.23238
68.22514
68.21714
68.20695
68.20023
68.19036
68.18241
68.17424
68.16588
68.15674
68.15004
68.14082
68.13325
68.12393
68.11701
68.10744
68.09925
68.09076
68.08266
68.07439
68.06640
68.05645
68.04944
68.04012
68.03265
68.02371
68.01589
68.00729
68.00010
67.99060
67.98493
67.97517
67.96766
67.95796
67.94933
67.94042
67.93249
67.92386
67.91512
67.90766
67.89883
67.89004
67.88235
67.87391
67.86691
67.85625
67.85042
67.84210
67.83134
67.82389
67.81570
67.80703
67.79822
67.79034
67.78281
67.77166
67.76576
67.75662
67.75016
67.74078
67.73229
67.72447
67.71832
67.70901
67.69912
67.69085
67.68321
67.67374
67.66538
67.65769
67.64923
67.63804
67.63306
67.62343
67.61608
67.60794
67.60030
67.59012
67.58288
67.57386
67.56520
67.55743
67.54930
67.54057
67.53246
67.52402
67.51579
67.50562
67.49892
67.49063
67.48242
67.47375
67.46635
67.45696
67.44918
67.43922
67.43262
67.42452
67.41847
67.40655
67.39904
67.39028
67.38182
67.37362
67.36685
67.35783
67.34948
67.34085
67.33283
67.32385
67.31502
67.30687
67.29916
67.28981
67.28261
67.27443
67.26708
67.25637
67.24842
67.24016
67.23177
67.22399
67.21650
67.20889
67.19924
67.18931
67.18300
67.17340
67.16560
67.15734
67.14964
67.14003
67.13196
67.12424
67.11352
67.10777
67.09872
67.09149
67.08233
67.07453
67.06556
67.05607
67.04869
67.04120
67.03409
67.02384
67.01673
67.00632
66.99938
66.99035
66.98219
66.97385
66.96569
66.95824
66.94986
66.93952
66.93227
66.92354
66.91612
66.90708
66.89981
66.89059
66.88196
66.87480
66.86595
66.85813
66.84859
66.84089
66.83250
66.82246
66.81583
66.80708
66.79952
66.79082
66.78383
66.77373
66.76542
66.75724
66.74799
66.74116
66.73328
66.72406
66.71659
66.70805
66.69953
66.68916
66.68265
66.67423
66.66566
66.66058
66.65700
66.64967
66.64033
66.63302
66.62430
66.61745
66.60707
66.59817
66.59021
66.58250
66.57390
66.56632
66.55858
66.54947
66.53895
66.53245
66.52291
66.51544
66.50668
66.50028
66.49011
66.48231
66.47369
66.46478
66.45726
66.44977
66.44204
66.43306
66.42448
66.41563
66.40785
66.39897
66.38948
66.38327
66.37313
66.36655
66.35636
66.34956
66.34061
66.33364
66.32426
66.31691
66.30647
66.29954
66.29099
66.28348
66.27328
66.26546
66.25725
66.24845
66.24042
66.23651
66.23268
66.22366
66.21593
66.20721
66.19927
66.19050
66.18379
66.17355
66.16533
66.15723
66.14884
66.14144
66.13162
66.12449
66.11585
66.10687
66.09902
66.09075
66.08226
66.07395
66.06633
66.05743
66.04775
66.04003
66.03178
66.02431
66.01521
66.00757
65.99996
65.98993
65.98895
65.98235
65.97301
65.96547
65.95749
65.94930
65.94015
65.93394
65.92350
65.91635
65.90802
65.89771
65.89096
65.88307
65.87401
65.86598
65.85813
65.84976
65.83968
65.83339
65.82370
65.81568
65.80713
65.79951
65.79103
65.78505
65.78331
65.77399
65.76549
65.75770
65.74922
65.74091
65.73222
65.72422
65.71539
65.70680
65.69982
65.69007
65.68316
65.67404
65.66626
65.65679
65.64947
65.64086
65.63215
65.62695
65.62290
65.61596
65.60832
65.59934
65.59160
65.58458
65.57391
65.56647
65.55704
65.54957
65.54040
65.53305
65.52322
65.51711
65.50685
65.49933
65.49094
65.48309
65.47308
65.47172
65.46633
65.45659
65.44957
65.43951
65.43325
65.42383
65.41567
65.40731
65.39908
65.39040
65.38254
65.37438
65.36552
65.35820
65.34921
65.34460
65.33926
65.33396
65.32375
65.31622
65.30766
65.29887
65.29012
65.28226
65.27456
65.26618
65.25748
65.24925
65.24160
65.23202
65.22357
65.21793
65.21563
65.20738
65.19939
65.19032
65.18093
65.17346
65.16516
65.15809
65.14909
65.14075
65.13281
65.12373
65.11547
65.10741
65.09912
65.09388
65.08978
65.08335
65.07393
65.06747
65.05684
65.04837
65.04067
65.03186
65.02297
65.01523
65.00610
64.99943
64.99328
64.99002
64.98213
64.97290
64.96573
64.95745
64.95093
64.94095
64.93241
64.92413
64.91504
64.90826
64.89886
64.88988
64.88954
64.88211
64.87470
64.86520
64.85531
64.84935
64.84016
64.83296
64.82426
64.81647
64.80779
64.79740
64.79731
64.79063
64.78254
64.77367
64.76519
64.75729
64.74877
64.74118
64.73362
64.72323
64.71616
64.70607
64.70246
64.69969
64.68966
64.68223
64.67450
64.66506
64.65792
64.64936
64.64024
64.63267
64.62221
64.61638
64.61632
64.60676
64.59831
64.59005
64.58284
64.57418
64.56364
64.55689
64.54890
64.54067
64.53156
64.53290
64.52467
64.51510
64.50652
64.49902
64.49049
64.48200
64.47198
64.46579
64.45680
64.45637
64.44979
64.43986
64.43257
64.42378
64.41587
64.40662
64.39880
64.39099
64.38317
64.38156
64.37373
64.36531
64.35657
64.34886
64.33985
64.33364
64.32332
64.31601
64.30636
64.30669
64.29794
64.29080
64.28188
64.27306
64.26504
64.25651
64.24754
64.24009
64.23957
64.23272
64.22267
64.21620
64.20624
64.19990
64.18977
64.18442
64.17263
64.17044
64.16535
64.15720
64.14979
64.14056
64.13235
64.12490
64.11550
64.10663
64.10662
64.09903
64.08943
64.08278
64.07322
64.06632
64.05657
64.04739
64.04487
64.04108
64.03219
64.02411
64.01426
64.00672
63.99910
63.99054
63.98436
63.98156
63.97318
63.96620
63.95761
63.94947
63.94017
63.93248
63.92636
63.92435
63.91508
63.90661
63.89855
63.89030
63.88137
63.87411
63.87003
63.86616
63.85550
63.84885
63.83966
63.83314
63.82369
63.82086
63.81424
63.80590
63.79880
63.79109
63.78241
63.77310
63.77325
63.76558
63.76203
63.54469